SensorA = target
SensorB = available
{bandsB; cwlsB; beta_hat} = bands, centre wavelengths, and coefficients in comma-delimited form
*) band numbers start counting at zero
**) centre wavelengths are expressed in nm
***) first coefficient listed is the constant

sensorA;bandA;cwlA;sensorB;{bandsB};{cwlsB};{beta_hat};AIC;var_y_given_X

terra;0;646.295673296;aqua;2,3,0,1,4,5;466.07150204,553.917076647,645.8403499,856.877853417,1241.49758039,1628.08776832;4.83790750064e-05,0.00132406221623,-0.00394185260641,1.00253351839,6.83731735532e-05,-0.00044674656989,0.000419406971883;-2150.53994619;2.28968776172e-09
terra;0;646.295673296;meris;0,1,2,3,4,5,6,7,8,9,10,11;412.433615778,442.302283223,489.626577523,509.564329959,559.440262161,619.349162711,664.322430724,680.571670334,708.080139841,753.123045597,760.007913967,778.160657513;0.000273812800292,-0.0079949547302,0.0206358090983,-0.0504517912789,0.0454183102052,-0.0276442497152,0.357516520619,0.960223289131,-0.330280926459,0.0346510823477,-0.0251408441062,0.0308914659863,-0.00993996905383;-1762.34109967;4.64328058401e-08
terra;0;646.295673296;sentinel2;0,1,2,3,4,5,6,7,8,9,10;443.929444843,496.541069687,560.006374949,664.4491622,703.886978943,740.223452517,782.473511978,835.110186795,864.80125832,945.027529483,1373.46188255;-0.000428621286425,0.144807668655,-0.208688751891,0.184994480136,0.825015287787,0.10143476032,-0.0600426281679,0.326188124801,-0.734554297919,0.429933220548,0.018294942014,-0.0147516783604;-1301.22798315;1.88731632277e-06
terra;0;646.295673296;vgt;0,1,2;459.52,662.04,834.709418838;-0.00204652372231,0.0414893176641,0.992533408391,-0.0245584407435;-1246.76798945;3.3162540063e-06
terra;1;856.47984028;aqua;2,3,0,1,4,5,6;466.07150204,553.917076647,645.8403499,856.877853417,1241.49758039,1628.08776832,2113.99922695;-1.06659765856e-05,-0.000634015060811,0.000980730698158,3.92565724703e-05,1.00027599852,-0.000511860441628,-0.000597859738708,0.000566998531494;-2276.72986188;8.21105344059e-10
terra;1;856.47984028;meris;0,1,2,3,4,5,6,7,8,9,10,11,12,13,14;412.433615778,442.302283223,489.626577523,509.564329959,559.440262161,619.349162711,664.322430724,680.571670334,708.080139841,753.123045597,760.007913967,778.160657513,864.627349057,884.697163697,899.753104609;7.35196469127e-05,-0.0064007449937,0.00492252473756,0.00407292276375,-0.0051531355458,0.00395096924866,-0.024431921384,0.0841343330921,-0.0651735517683,0.00562077632502,-0.0218329231887,0.0177287386116,0.0573628817078,1.16819246038,-0.301774203298,0.0777307703787;-1942.49715806;1.04725522672e-08
terra;1;856.47984028;sentinel2;0,1,2,3,4,5,6,7,8,9,10,11,12;443.929444843,496.541069687,560.006374949,664.4491622,703.886978943,740.223452517,782.473511978,835.110186795,864.80125832,945.027529483,1373.46188255,1613.65940666,2202.36668717;-7.02480077993e-05,0.00552655216082,-0.00476662143856,-0.00393840036848,-0.00104108760662,0.00781405887121,-0.00491467548695,0.0249314243792,0.200981399161,0.772102153292,0.0058779416282,-0.000245584362118,-0.0006492979231,-0.00172592512594;-1885.78329014;1.70213545893e-08
terra;1;856.47984028;vgt;0,1,2,3;459.52,662.04,834.709418838,1649.64071856;0.00108607594678,-0.0260155393898,-0.0213507827529,1.00671138975,0.0256924104867;-1174.96267144;5.79663964815e-06
terra;2;465.742398799;aqua;2,3,0,1,4,5,6;466.07150204,553.917076647,645.8403499,856.877853417,1241.49758039,1628.08776832,2113.99922695;-2.39053242714e-05,1.00017663467,-0.00058519867378,-0.000448415906035,8.06141191091e-05,0.000232462734106,-0.000457283107566,0.00047292327102;-2207.09463136;1.43329785052e-09
terra;2;465.742398799;meris;0,1,2,3,4,5,6,7,8,9,10,11,12,13,14;412.433615778,442.302283223,489.626577523,509.564329959,559.440262161,619.349162711,664.322430724,680.571670334,708.080139841,753.123045597,760.007913967,778.160657513,864.627349057,884.697163697,899.753104609;0.000201932258148,-0.111443019085,0.659890349614,0.46587976711,-0.00546194442555,-0.000200746556772,-0.0268479302019,0.0773602369946,-0.0685882188935,0.0123271607302,0.0099027612734,-0.0618431207589,0.0719993487311,0.0167038011135,-0.119568244875,0.0810239866654;-1770.65882818;4.14075985464e-08
terra;2;465.742398799;sentinel2;0,1,2,3,4,5,6,7,8,9,10,11,12;443.929444843,496.541069687,560.006374949,664.4491622,703.886978943,740.223452517,782.473511978,835.110186795,864.80125832,945.027529483,1373.46188255,1613.65940666,2202.36668717;0.000643409825102,0.505128949009,0.590676867174,-0.108320404981,0.0126106438955,-0.00340444441282,0.0272382424579,-0.104340215903,0.274586405704,-0.18856186213,0.001692928463,-0.00578533490656,0.00844682938019,-0.00687899028401;-1516.46561317;3.26689482134e-07
terra;2;465.742398799;vgt;0,1,2,3;459.52,662.04,834.709418838,1649.64071856;0.000664162676017,1.01090077931,0.012774144184,0.000140435619191,-0.00521724233123;-1432.5511458;7.38281998033e-07
terra;3;553.736229817;aqua;2,3,0;466.07150204,553.917076647,645.8403499;1.27135595561e-05,0.000919181904872,1.00056378034,-0.00160568137446;-2444.70397904;2.2834519014e-10
terra;3;553.736229817;meris;0,1,2,3,4,5,6,7,8,9,10,11,12,13,14;412.433615778,442.302283223,489.626577523,509.564329959,559.440262161,619.349162711,664.322430724,680.571670334,708.080139841,753.123045597,760.007913967,778.160657513,864.627349057,884.697163697,899.753104609;-2.22300022642e-05,-0.0326516934142,0.117562007219,-0.27328541828,0.269442334833,0.975163902624,-0.105756827314,0.059853475433,-0.0201732480145,0.00287718907572,0.00956426866852,0.0435930707339,-0.0679107893837,0.0360436865677,0.027784294399,-0.046026785163;-1768.3740608;4.21714116636e-08
terra;3;553.736229817;sentinel2;0,1,2,3,4,5,6,7,8,9,10,11;443.929444843,496.541069687,560.006374949,664.4491622,703.886978943,740.223452517,782.473511978,835.110186795,864.80125832,945.027529483,1373.46188255,1613.65940666;9.80320088206e-05,-0.0243328820644,0.0587508315958,1.02392165525,-0.0677226070962,-0.0102405082398,0.022295318882,-0.01639625583,-0.0110442956814,0.0258085294675,-0.0128097581093,0.00735936444492,-0.00287980746581;-1518.18238814;3.27430534459e-07
terra;3;553.736229817;vgt;0,1,2,3;459.52,662.04,834.709418838,1649.64071856;-0.0012540319861,0.773721893816,0.289202434137,0.101609122163,-0.0406702638468;-780.822363203;0.000135693795629
terra;4;1242.16286011;aqua;2,3,0,1,4;466.07150204,553.917076647,645.8403499,856.877853417,1241.49758039;0.00020857677297,0.00122249485854,-0.00102866025956,-0.000660027827711,-0.00025462534914,1.00072765243;-2064.53657449;4.62947019681e-09
terra;4;1242.16286011;meris;0,1,2,3,4,5,6,7,8,9,10,11,12,13;412.433615778,442.302283223,489.626577523,509.564329959,559.440262161,619.349162711,664.322430724,680.571670334,708.080139841,753.123045597,760.007913967,778.160657513,864.627349057,884.697163697;0.0169378536777,1.2953602137,-1.87868070965,0.618602595386,0.635605255928,-1.09876795037,0.201482000324,-0.723054189249,0.853145462571,0.310048627281,2.20055324446,-2.23986596009,5.15952933313,-40.0991019501,35.8721406831;-679.698429429;0.000259664993782
terra;4;1242.16286011;sentinel2;0,1,2,3,4,5,6,7,8,9,10,11,12;443.929444843,496.541069687,560.006374949,664.4491622,703.886978943,740.223452517,782.473511978,835.110186795,864.80125832,945.027529483,1373.46188255,1613.65940666,2202.36668717;0.025406632343,-0.0297577419996,0.155746037319,-0.198327212609,-0.129676993858,0.0225448057819,0.124766383854,3.26581468216,-7.54009406316,3.46256354477,1.32604492961,-0.0207021042376,0.774322989827,-0.313327149973;-840.111349066;7.3119051677e-05
terra;4;1242.16286011;vgt;0,1,2,3;459.52,662.04,834.709418838,1649.64071856;0.019191693783,-0.140360038182,-0.205143123934,0.509649815296,0.707347949895;-620.915268372;0.000487679097866
terra;5;1629.40788053;aqua;2,3,0,1,4,5,6;466.07150204,553.917076647,645.8403499,856.877853417,1241.49758039,1628.08776832,2113.99922695;0.000129079876116,-0.000432300221966,0.000782885875613,-0.00143634772899,0.000262810763324,4.50574636213e-05,1.00221720882,-0.00177141166644;-2018.0415355;6.50390486625e-09
terra;5;1629.40788053;meris;0,1,2,3,4,5,6,7,8,9,10,11,12,13,14;412.433615778,442.302283223,489.626577523,509.564329959,559.440262161,619.349162711,664.322430724,680.571670334,708.080139841,753.123045597,760.007913967,778.160657513,864.627349057,884.697163697,899.753104609;0.0268567690476,2.82988105966,-4.28501405823,5.59806598552,-3.41409733065,-1.19526021105,2.24467744535,-9.19882362961,8.17703576009,0.425499735571,-0.079520157383,2.02898446768,2.13574473776,-41.7396925608,44.9070777799,-6.93321581959;-532.376473189;0.000830450201075
terra;5;1629.40788053;sentinel2;0,1,2,3,4,5,6,7,8,9,10,11,12;443.929444843,496.541069687,560.006374949,664.4491622,703.886978943,740.223452517,782.473511978,835.110186795,864.80125832,945.027529483,1373.46188255,1613.65940666,2202.36668717;0.00179105482827,-0.133675618057,0.142261283785,-0.0240936584259,-0.00225054933626,-0.0197665198537,0.0273238810396,0.331434114031,-1.12233256086,0.784128629322,-0.00363531060037,0.00942311728948,1.0084580235,-0.0108845983967;-1341.34319509;1.32608923972e-06
terra;5;1629.40788053;vgt;0,1,2,3;459.52,662.04,834.709418838,1649.64071856;0.00235263185953,-0.014163055722,0.0169178940806,-0.00717096415041,0.996936069203;-1319.56141565;1.82300898609e-06
terra;6;2114.21403827;aqua;2,3,0,1,4,5,6;466.07150204,553.917076647,645.8403499,856.877853417,1241.49758039,1628.08776832,2113.99922695;-7.57227004804e-06,-0.000145103190723,0.000427521389106,-0.000339380737001,8.233963415e-05,-0.000117396524483,0.000425183327641,0.999659716923;-2425.76825849;2.4922204355e-10
terra;6;2114.21403827;meris;0,1,2,3,4,5,6,7,8,9,10,11,12,13;412.433615778,442.302283223,489.626577523,509.564329959,559.440262161,619.349162711,664.322430724,680.571670334,708.080139841,753.123045597,760.007913967,778.160657513,864.627349057,884.697163697;0.0405742477271,2.71001196838,-2.74181749825,4.86707473916,-4.02896034368,-1.58867786424,4.5845603078,-17.7159164067,14.8266359497,0.398318990109,-0.269479754609,-0.81205050994,5.77100103661,-30.1938648889,25.5581576507;-497.777979312;0.0011129349631
terra;6;2114.21403827;sentinel2;0,1,2,3,4,5,6,7,8,9,10,11,12;443.929444843,496.541069687,560.006374949,664.4491622,703.886978943,740.223452517,782.473511978,835.110186795,864.80125832,945.027529483,1373.46188255,1613.65940666,2202.36668717;0.0068608460704,-0.378342776682,0.445797614138,-0.296686704615,0.059190670002,0.103972748418,-0.064124038506,1.69721648187,-4.36121087843,2.83248876183,-0.137826519342,-0.00711639016338,-0.0928936084838,1.1400294707;-891.890142254;4.83206309923e-05
terra;6;2114.21403827;vgt;0,1,2,3;459.52,662.04,834.709418838,1649.64071856;0.00939373697761,0.0563314042706,0.141638224899,-0.23293402136,0.82294670311;-584.619732062;0.000651985220479
aqua;0;645.8403499;terra;2,3,0,1,4,5;465.742398799,553.736229817,646.295673296,856.47984028,1242.16286011,1629.40788053;-4.85139062943e-05,-0.00131705339915,0.00392533294743,0.997476410921,-6.76855795963e-05,0.000446617320883,-0.000418325000821;-2150.88456988;2.28338381039e-09
aqua;0;645.8403499;meris;0,1,2,3,4,5,6,7,8,9,10,11;412.433615778,442.302283223,489.626577523,509.564329959,559.440262161,619.349162711,664.322430724,680.571670334,708.080139841,753.123045597,760.007913967,778.160657513;0.0002739960119,-0.00812698239186,0.0209143984382,-0.0505168125104,0.0452929718628,-0.027876703591,0.368116983055,0.950167757662,-0.330765870325,0.0348673298056,-0.0253044979279,0.0312210848627,-0.0101218196217;-1761.02263983;4.6925156171e-08
aqua;0;645.8403499;sentinel2;0,1,2,3,4,5,6,7,8,9,10;443.929444843,496.541069687,560.006374949,664.4491622,703.886978943,740.223452517,782.473511978,835.110186795,864.80125832,945.027529483,1373.46188255;-0.000440519373671,0.147861984286,-0.213249388449,0.189800153157,0.820954176576,0.103154198612,-0.061171476106,0.333787204673,-0.751985128764,0.440167711329,0.0186821442454,-0.0150519160674;-1295.9865376;1.96813707747e-06
aqua;0;645.8403499;vgt;0,1,2;459.52,662.04,834.709418838;-0.00211705679392,0.0431262882761,0.990629461608,-0.0239070214617;-1246.27921086;3.3292467038e-06
aqua;1;856.877853417;terra;2,3,0,1,4,5,6;465.742398799,553.736229817,646.295673296,856.47984028,1242.16286011,1629.40788053,2114.21403827;1.04922152091e-05,0.000634951395709,-0.000980204528271,-3.90884266425e-05,0.999723432904,0.000512187449235,0.00059655449965,-0.000566637813427;-2276.97715483;8.19482521347e-10
aqua;1;856.877853417;meris;0,1,2,3,4,5,6,7,8,9,10,11,12,13,14;412.433615778,442.302283223,489.626577523,509.564329959,559.440262161,619.349162711,664.322430724,680.571670334,708.080139841,753.123045597,760.007913967,778.160657513,864.627349057,884.697163697,899.753104609;7.03135310753e-05,-0.00626409503195,0.00482305055071,0.0039334559411,-0.00498950119058,0.00380299197417,-0.0238436243088,0.0826698857792,-0.0641081480717,0.00544799496863,-0.0211259024897,0.0173029618435,0.0554304823109,1.15420140721,-0.282743221943,0.0744252289621;-1945.6656682;1.02104293534e-08
aqua;1;856.877853417;sentinel2;0,1,2,3,4,5,6,7,8,9,10,11,12;443.929444843,496.541069687,560.006374949,664.4491622,703.886978943,740.223452517,782.473511978,835.110186795,864.80125832,945.027529483,1373.46188255,1613.65940666,2202.36668717;-6.34533720429e-05,0.0053724575953,-0.0047334731419,-0.00365625721903,-0.00107346160846,0.0075831546321,-0.0048556839723,0.0243323027464,0.191608822262,0.781777315528,0.0061008279097,-0.000247823949201,-0.000581722424962,-0.0016868077301;-1895.85029413;1.57042704119e-08
aqua;1;856.877853417;vgt;0,1,2,3;459.52,662.04,834.709418838,1649.64071856;0.00110418594925,-0.0262187765021,-0.0218585345265,1.00672026189,0.0262214318434;-1171.43891551;5.96237222445e-06
aqua;2;466.07150204;terra;2,3,0,1,4,5,6;465.742398799,553.736229817,646.295673296,856.47984028,1242.16286011,1629.40788053,2114.21403827;2.40129237979e-05,0.999812568405,0.000593641024527,0.000448440502096,-8.0832080946e-05,-0.000234569238229,0.000459126557058,-0.000473677006644;-2207.2859782;1.4311054729e-09
aqua;2;466.07150204;meris;0,1,2,3,4,5,6,7,8,9,10,11,12,13,14;412.433615778,442.302283223,489.626577523,509.564329959,559.440262161,619.349162711,664.322430724,680.571670334,708.080139841,753.123045597,760.007913967,778.160657513,864.627349057,884.697163697,899.753104609;0.000198948364982,-0.11046982232,0.651090102263,0.473530557316,-0.00516994028747,-0.000222508806337,-0.0278169274349,0.0800270781483,-0.070468865018,0.0123414563106,0.0101064378257,-0.0622153048834,0.0723361733233,0.0157283075049,-0.118979594753,0.0812669168098;-1772.52640315;4.07935427904e-08
aqua;2;466.07150204;sentinel2;0,1,2,3,4,5,6,7,8,9,10,11,12;443.929444843,496.541069687,560.006374949,664.4491622,703.886978943,740.223452517,782.473511978,835.110186795,864.80125832,945.027529483,1373.46188255,1613.65940666,2202.36668717;0.000639906447939,0.498010301809,0.59872940069,-0.10958019163,0.0128723002105,-0.0034735320202,0.0272705497548,-0.104521341236,0.275530771838,-0.18941556121,0.00178017687676,-0.00583035749311,0.00862711993516,-0.00701312866181;-1515.38826291;3.29517322905e-07
aqua;2;466.07150204;vgt;0,1,2,3;459.52,662.04,834.709418838,1649.64071856;0.000680741351911,1.01111887591,0.0134251441455,9.19527239416e-05,-0.00535082156737;-1421.64336981;8.05600587509e-07
aqua;3;553.917076647;terra;2,3,0;465.742398799,553.736229817,646.295673296;-1.272569524e-05,-0.000920977766195,0.999443331919,0.00159956449735;-2443.88698151;2.29842537774e-10
aqua;3;553.917076647;meris;0,1,2,3,4,5,6,7,8,9,10,11,12,13,14;412.433615778,442.302283223,489.626577523,509.564329959,559.440262161,619.349162711,664.322430724,680.571670334,708.080139841,753.123045597,760.007913967,778.160657513,864.627349057,884.697163697,899.753104609;-1.95592053566e-05,-0.0318635055169,0.114562926952,-0.266314139783,0.262628481315,0.975272262306,-0.102304774119,0.0584843136884,-0.0199858597982,0.00274948485047,0.0093360209322,0.0422376810724,-0.065944590484,0.035077727909,0.0269375955367,-0.0446964163829;-1775.29518187;3.9899890289e-08
aqua;3;553.917076647;sentinel2;0,1,2,3,4,5,6,7,8,9,10,11;443.929444843,496.541069687,560.006374949,664.4491622,703.886978943,740.223452517,782.473511978,835.110186795,864.80125832,945.027529483,1373.46188255,1613.65940666;9.95303577805e-05,-0.0237128588248,0.0566461003777,1.02430760929,-0.0664775594133,-0.0100551290615,0.021974515706,-0.0164825197405,-0.00959336920413,0.0243825923315,-0.0125283250164,0.00717983056028,-0.00278598241204;-1523.65124594;3.13414019245e-07
aqua;3;553.917076647;vgt;0,1,2,3;459.52,662.04,834.709418838,1649.64071856;-0.00126807619628,0.772438434773,0.290613859072,0.101507303231,-0.0406448356883;-780.960779879;0.000135543620517
aqua;4;1241.49758039;terra;2,3,0,1,4;465.742398799,553.736229817,646.295673296,856.47984028,1242.16286011;-0.000208329686655,-0.00121898396074,0.00102608636141,0.000660246655833,0.000256035432401,0.99927092461;-2064.64736125;4.62536894255e-09
aqua;4;1241.49758039;meris;0,1,2,3,4,5,6,7,8,9,10,11,12,13;412.433615778,442.302283223,489.626577523,509.564329959,559.440262161,619.349162711,664.322430724,680.571670334,708.080139841,753.123045597,760.007913967,778.160657513,864.627349057,884.697163697;0.0167631347331,1.29169905467,-1.87322536411,0.617954291682,0.633881805952,-1.10083362273,0.211182709951,-0.737669433165,0.860934129868,0.310028234234,2.19479631244,-2.22531189488,5.14724983865,-40.0720359857,35.8482117226;-679.92709912;0.000259190407897
aqua;4;1241.49758039;sentinel2;0,1,2,3,4,5,6,7,8,9,10,11,12;443.929444843,496.541069687,560.006374949,664.4491622,703.886978943,740.223452517,782.473511978,835.110186795,864.80125832,945.027529483,1373.46188255,1613.65940666,2202.36668717;0.0252034208702,-0.0275682788594,0.152400716235,-0.197035793521,-0.129772162092,0.0232600998271,0.124409886203,3.25861352218,-7.50947135441,3.43798738503,1.32751938133,-0.0208842709854,0.773909632108,-0.313135957405;-840.86003522;7.26824148258e-05
aqua;4;1241.49758039;vgt;0,1,2,3;459.52,662.04,834.709418838,1649.64071856;0.0189617270372,-0.140647252458,-0.204116210107,0.509631049878,0.706831745349;-621.090112025;0.000486997433958
aqua;5;1628.08776832;terra;2,3,0,1,4,5,6;465.742398799,553.736229817,646.295673296,856.47984028,1242.16286011,1629.40788053,2114.21403827;-0.000129140243605,0.000436458281432,-0.000777459824712,0.00143099173681,-0.000266789432753,-2.7741387062e-05,0.997759673382,0.00178460849998;-2018.51957316;6.47907947468e-09
aqua;5;1628.08776832;meris;0,1,2,3,4,5,6,7,8,9,10,11,12,13,14;412.433615778,442.302283223,489.626577523,509.564329959,559.440262161,619.349162711,664.322430724,680.571670334,708.080139841,753.123045597,760.007913967,778.160657513,864.627349057,884.697163697,899.753104609;0.0267686819322,2.8283474945,-4.27998937781,5.6046394607,-3.4250764504,-1.19617964063,2.25391427361,-9.20913257377,8.1800787085,0.427158832345,-0.0882001874295,2.02476589204,2.1531883052,-41.7197912906,44.86000151,-6.91226998976;-532.476339587;0.000829786993478
aqua;5;1628.08776832;sentinel2;0,1,2,3,4,5,6,7,8,9,10,11,12;443.929444843,496.541069687,560.006374949,664.4491622,703.886978943,740.223452517,782.473511978,835.110186795,864.80125832,945.027529483,1373.46188255,1613.65940666,2202.36668717;0.00170038290413,-0.127389831683,0.135681472801,-0.0232622964423,-0.00277146951296,-0.0177499440062,0.0254256854452,0.314547286979,-1.0609907935,0.740163458762,-0.00346784553654,0.0089552925129,1.00792026222,-0.010240514273;-1355.73818148;1.181842071e-06
aqua;5;1628.08776832;vgt;0,1,2,3;459.52,662.04,834.709418838,1649.64071856;0.00223017900392,-0.01406692116,0.0183061427701,-0.00796058058132,0.996182133518;-1321.45801093;1.79555768691e-06
aqua;6;2113.99922695;terra;2,3,0,1,4,5,6;465.742398799,553.736229817,646.295673296,856.47984028,1242.16286011,1629.40788053,2114.21403827;7.5918414062e-06,0.000143239068803,-0.000424429846443,0.000337905648433,-8.29673143096e-05,0.000118981065268,-0.000426365849377,1.00034048826;-2425.79935484;2.4916005208e-10
aqua;6;2113.99922695;meris;0,1,2,3,4,5,6,7,8,9,10,11,12,13;412.433615778,442.302283223,489.626577523,509.564329959,559.440262161,619.349162711,664.322430724,680.571670334,708.080139841,753.123045597,760.007913967,778.160657513,864.627349057,884.697163697;0.0405796379804,2.71103640129,-2.74477527522,4.87176888831,-4.03198458536,-1.58878634637,4.58517805869,-17.7169528686,14.8273657642,0.398327579915,-0.268618640241,-0.816121712711,5.77548831617,-30.1971729108,25.5600873518;-497.749208137;0.00111319115615
aqua;6;2113.99922695;sentinel2;0,1,2,3,4,5,6,7,8,9,10,11,12;443.929444843,496.541069687,560.006374949,664.4491622,703.886978943,740.223452517,782.473511978,835.110186795,864.80125832,945.027529483,1373.46188255,1613.65940666,2202.36668717;0.006874033897,-0.379330254198,0.447158023323,-0.297532993612,0.0595290355108,0.103944504796,-0.0640520441331,1.69603988929,-4.3579811766,2.83047986763,-0.137979804722,-0.00721064185751,-0.0929419164879,1.14016984066;-891.460127853;4.84871457804e-05
aqua;6;2113.99922695;vgt;0,1,2,3;459.52,662.04,834.709418838,1649.64071856;0.00940645353321,0.0561592198273,0.141882539345,-0.233085640802,0.8228960574;-584.523548049;0.000652487097982
meris;0;412.433615778;terra;2,3,0,1,4,5,6;465.742398799,553.736229817,646.295673296,856.47984028,1242.16286011,1629.40788053,2114.21403827;-0.00690520597272,0.926655493989,-0.0888904925453,-0.0703734680875,0.00678091294911,0.0128919459703,-0.0157899450295,0.0660571525882;-873.221398508;6.17570761289e-05
meris;0;412.433615778;aqua;2,3,0,1,4,5,6;466.07150204,553.917076647,645.8403499,856.877853417,1241.49758039,1628.08776832,2113.99922695;-0.00690325487519,0.924821130545,-0.0878218464449,-0.0708536115145,0.00685909453427,0.0126735912329,-0.0157420007989,0.0662712213367;-872.209469094;6.22590556739e-05
meris;0;412.433615778;sentinel2;0,1,2,3,4,5,6,7,8,9,10;443.929444843,496.541069687,560.006374949,664.4491622,703.886978943,740.223452517,782.473511978,835.110186795,864.80125832,945.027529483,1373.46188255;-0.00329630784008,1.80024534523,-1.07708508952,0.294300344178,-0.0462653370997,0.0383900836689,-0.128869192377,-0.061352277009,0.284811651791,-0.142848905846,-0.0131110552779,0.0228773563535;-1093.03420438;9.98122786317e-06
meris;0;412.433615778;vgt;0,1,2,3;459.52,662.04,834.709418838,1649.64071856;-0.0057207921286,0.883988605764,-0.0892878276434,-0.0082193805369,0.0496152502629;-894.833099999;5.45062269004e-05
meris;1;442.302283223;terra;2,3,0,1,4,5,6;465.742398799,553.736229817,646.295673296,856.47984028,1242.16286011,1629.40788053,2114.21403827;-0.0025367426027,1.00252252125,-0.0531747642537,-0.0287365356379,0.00362899521419,0.0148801729192,-0.0207934004809,0.0286856527203;-1123.82748155;8.31748476939e-06
meris;1;442.302283223;aqua;2,3,0,1,4,5,6;466.07150204,553.917076647,645.8403499,856.877853417,1241.49758039,1628.08776832,2113.99922695;-0.00255151188271,1.0018857051,-0.05313222168,-0.0291667030905,0.00368930617081,0.0149793638602,-0.0211295982701,0.0291096966677;-1120.57244348;8.5369192773e-06
meris;1;442.302283223;sentinel2;0,1,2,3,4,5,6,7,8,9,10;443.929444843,496.541069687,560.006374949,664.4491622,703.886978943,740.223452517,782.473511978,835.110186795,864.80125832,945.027529483,1373.46188255;-6.69365758341e-05,1.03787593422,-0.0459790617549,0.00852497435013,-5.47956226289e-05,-0.000522890138495,-0.002536290519,0.0103619288026,-0.0271371448261,0.0187088249964,-0.000398876517584,0.000420856820523;-2102.13903378;3.11311165743e-09
meris;1;442.302283223;vgt;0,1,2,3;459.52,662.04,834.709418838,1649.64071856;-0.00143220525446,0.977027020107,-0.0347236444744,0.000467269066613,0.0114436169857;-1196.64049944;4.873711465e-06
meris;2;489.626577523;terra;2,3,0,1,4,5,6;465.742398799,553.736229817,646.295673296,856.47984028,1242.16286011,1629.40788053,2114.21403827;0.00129899647778,0.971508359524,0.0520032919404,0.0321366042007,-0.00562222010603,-0.0178511833214,0.0333870491449,-0.0307856896162;-1163.16724511;6.07171917178e-06
meris;2;489.626577523;aqua;2,3,0,1,4,5,6;466.07150204,553.917076647,645.8403499,856.877853417,1241.49758039,1628.08776832,2113.99922695;0.00126854709939,0.972388715167,0.0508889649897,0.0316732295846,-0.00552798915055,-0.01748529751,0.0328203667885,-0.0302722986385;-1166.72016039;5.90157029442e-06
meris;2;489.626577523;sentinel2;0,1,2,3,4,5,6,7,8,9,10,11,12;443.929444843,496.541069687,560.006374949,664.4491622,703.886978943,740.223452517,782.473511978,835.110186795,864.80125832,945.027529483,1373.46188255,1613.65940666,2202.36668717;5.31356090309e-05,0.0376030991002,1.08777456995,-0.157248490835,0.038331705343,-0.0166096894695,0.0219801848467,-0.079745912358,0.228938317645,-0.16574126915,0.00428278986774,-0.00688978703307,0.0169431255465,-0.011701432042;-1447.64185334;5.66569752874e-07
meris;2;489.626577523;vgt;0,1,2,3;459.52,662.04,834.709418838,1649.64071856;0.00138614082096,1.01984796058,0.0618532132462,-0.00342483445383,-0.0125039434383;-1084.14036263;1.19874090028e-05
meris;3;509.564329959;terra;2,3,0,1;465.742398799,553.736229817,646.295673296,856.47984028;0.00110754005254,0.793672706066,0.268851294571,0.00968073100283,-0.0181848132413;-1086.46026849;1.17669835122e-05
meris;3;509.564329959;aqua;2,3,0,1;466.07150204,553.917076647,645.8403499,856.877853417;0.00109715136131,0.795190943887,0.267489448872,0.00910866331025,-0.0179924786522;-1088.42762879;1.15832341399e-05
meris;3;509.564329959;sentinel2;0,1,2,3,4,5,6,7,8,9,10,11,12;443.929444843,496.541069687,560.006374949,664.4491622,703.886978943,740.223452517,782.473511978,835.110186795,864.80125832,945.027529483,1373.46188255,1613.65940666,2202.36668717;-0.000198391838321,-0.204823500603,1.16538128116,0.0461273555299,-0.00017760878789,0.00382280662188,-0.0213426813161,0.0728628402385,-0.200216657078,0.143136682596,-0.00357968106197,0.00280498893705,-0.0071876061998,0.00534598112146;-1601.59706448;1.65332486052e-07
meris;3;509.564329959;vgt;0,1,2,3;459.52,662.04,834.709418838,1649.64071856;0.00220885275,1.00526605847,0.111393634451,0.00787739759296,-0.0230752052855;-980.684851274;2.74262597643e-05
meris;4;559.440262161;terra;2,3,0;465.742398799,553.736229817,646.295673296;-0.000358218774932,-0.0402441634907,0.995296100415,0.0481823981817;-1559.49464401;2.71721563136e-07
meris;4;559.440262161;aqua;2,3,0;466.07150204,553.917076647,645.8403499;-0.000345263383871,-0.0392671279418,0.995662755581,0.0467457411435;-1567.56340937;2.5473601006e-07
meris;4;559.440262161;sentinel2;0,1,2,3,4,5,6,7,8,9,10;443.929444843,496.541069687,560.006374949,664.4491622,703.886978943,740.223452517,782.473511978,835.110186795,864.80125832,945.027529483,1373.46188255;9.67115669938e-05,-0.00493603563385,-0.0164435096577,1.04686211809,-0.03015476349,-0.0055676248288,0.0149354585606,-0.0381470998796,0.0841198987065,-0.051448147578,-0.00336739134124,0.00188609696321;-1682.22365088;8.95633165044e-08
meris;4;559.440262161;vgt;0,1,2,3;459.52,662.04,834.709418838,1649.64071856;-0.00181741167901,0.732099725731,0.334148302969,0.100164241355,-0.0398626277394;-782.444450932;0.000133944313507
meris;5;619.349162711;terra;2,3,0,1,4,5;465.742398799,553.736229817,646.295673296,856.47984028,1242.16286011,1629.40788053;-0.00278916130529,-0.0391733059186,0.219628766678,0.83372190598,-0.00380386765217,0.017369526443,-0.0167878407001;-1192.27074167;4.88814955039e-06
meris;5;619.349162711;aqua;2,3,0,1,4,5;466.07150204,553.917076647,645.8403499,856.877853417,1241.49758039,1628.08776832;-0.00273773221191,-0.0381864051422,0.21665684495,0.835578203158,-0.00375118605393,0.0169233336617,-0.0164133955834;-1196.9359931;4.70907644726e-06
meris;5;619.349162711;sentinel2;0,1,2,3,4,5,6,7,8,9,10;443.929444843,496.541069687,560.006374949,664.4491622,703.886978943,740.223452517,782.473511978,835.110186795,864.80125832,945.027529483,1373.46188255;-0.0010946627275,0.270901189147,-0.402727745531,0.460436681848,0.63428588424,0.124624783401,-0.0976289647893,0.616739515415,-1.4205473152,0.83961390061,0.0328757179593,-0.0279280118201;-1129.26367292;7.46981599892e-06
meris;5;619.349162711;vgt;0,1,2,3;459.52,662.04,834.709418838,1649.64071856;-0.00455151785901,0.166268919176,0.88455243967,0.00716927313406,-0.0130408703489;-1045.49874291;1.63297697479e-05
meris;6;664.322430724;terra;2,3,0,1,4,5;465.742398799,553.736229817,646.295673296,856.47984028,1242.16286011,1629.40788053;0.0017780802165,0.0682045926435,-0.158551734979,1.08966166492,0.00419136097923,-0.0237638296469,0.0222964111792;-1186.10812246;5.13517935376e-06
meris;6;664.322430724;aqua;2,3,0,1,4,5;466.07150204,553.917076647,645.8403499,856.877853417,1241.49758039,1628.08776832;0.0018185641506,0.0698356589338,-0.163131780132,1.09253546824,0.00429702103931,-0.0242142001056,0.0227637794587;-1180.73768533;5.36061264267e-06
meris;6;664.322430724;sentinel2;0,1,2,3,4,5,6,7,8,9;443.929444843,496.541069687,560.006374949,664.4491622,703.886978943,740.223452517,782.473511978,835.110186795,864.80125832,945.027529483;-6.77584039823e-05,-0.000436006108322,0.00389067128501,-0.00830940472693,1.01361796265,-0.0097117930122,0.00303709107118,-0.0332233203309,0.0724125435535,-0.0390964069705,-0.00211184227787;-2026.46957682;5.79490112538e-09
meris;6;664.322430724;vgt;0,1,2,3;459.52,662.04,834.709418838,1649.64071856;-0.000321790485783,-0.00849976715909,1.04649932035,-0.0512775242309,0.00932325855265;-1078.03171967;1.25877735891e-05
meris;7;680.571670334;terra;2,3,0,1,4,5;465.742398799,553.736229817,646.295673296,856.47984028,1242.16286011,1629.40788053;0.0036696522973,0.0905894447529,-0.218846130328,1.11958488966,0.00886041604579,-0.0411491594928,0.0422335758833;-1038.58919294;1.67143261786e-05
meris;7;680.571670334;aqua;2,3,0,1,4,5;466.07150204,553.917076647,645.8403499,856.877853417,1241.49758039,1628.08776832;0.00370345039759,0.0924675925379,-0.223720854432,1.12253483381,0.00898111018947,-0.0415629897429,0.042707043585;-1035.58103468;1.71214398875e-05
meris;7;680.571670334;sentinel2;0,1,2,3,4,5,6,7,8,9,10,11,12;443.929444843,496.541069687,560.006374949,664.4491622,703.886978943,740.223452517,782.473511978,835.110186795,864.80125832,945.027529483,1373.46188255,1613.65940666,2202.36668717;0.000235047962221,-0.165572345995,0.218030377031,-0.130024317552,1.09193230547,-0.0580823470707,0.0479144757347,-0.190156306656,0.385203301228,-0.214718159762,-0.00981552810796,0.0158089760274,-0.0160253315072,0.0170512620613;-1306.48736659;1.75256568067e-06
meris;7;680.571670334;vgt;0,1,2,3;459.52,662.04,834.709418838,1649.64071856;0.00144852857158,-0.0322060555453,1.06604532837,-0.0626533356469,0.0182478895017;-987.963148348;2.58749304433e-05
meris;8;708.080139841;terra;2,3,0,1;465.742398799,553.736229817,646.295673296,856.47984028;0.00896450376994,-0.783604122229,0.724696995169,0.794995824614,0.14457704105;-734.407273879;0.000196708228872
meris;8;708.080139841;aqua;2,3,0,1;466.07150204,553.917076647,645.8403499,856.877853417;0.00902066251925,-0.782801969948,0.722943165695,0.796349312497,0.144298595055;-734.6388013;0.000196344219299
meris;8;708.080139841;sentinel2;0,1,2,3,4,5,6,7,8,9,10,11,12;443.929444843,496.541069687,560.006374949,664.4491622,703.886978943,740.223452517,782.473511978,835.110186795,864.80125832,945.027529483,1373.46188255,1613.65940666,2202.36668717;-0.000326218274951,0.0682905718065,-0.121244395994,0.0777854217074,-0.182123909551,1.09516726859,0.127607113221,-0.344315404827,0.73225188879,-0.425658967681,-0.0298095731615,-0.00810788942456,0.0240984851796,-0.0157760903288;-1465.24806324;4.9213374711e-07
meris;8;708.080139841;vgt;0,1,2;459.52,662.04,834.709418838;0.00336764832347,-0.216604198176,0.963755706845,0.201326744572;-722.299392144;0.00022021065546
meris;9;753.123045597;terra;2,3,0,1,4,5,6;465.742398799,553.736229817,646.295673296,856.47984028,1242.16286011,1629.40788053,2114.21403827;-0.00769510224192,-0.426876831913,0.672761406218,-0.0919795955985,0.903460303808,0.00779650445513,-0.242620338473,0.206083834603;-815.779923811;9.77819852037e-05
meris;9;753.123045597;aqua;2,3,0,1,4,5,6;466.07150204,553.917076647,645.8403499,856.877853417,1241.49758039,1628.08776832,2113.99922695;-0.00772277484882,-0.426995112646,0.674439875475,-0.0926078993474,0.903370868522,0.00768457581504,-0.243704459364,0.206702944389;-815.103826447;9.8312299226e-05
meris;9;753.123045597;sentinel2;0,1,2,3,4,5,6,7,8,9,10;443.929444843,496.541069687,560.006374949,664.4491622,703.886978943,740.223452517,782.473511978,835.110186795,864.80125832,945.027529483,1373.46188255;-0.000933290623553,0.0316484670111,-0.0486710431745,0.020610273881,0.0323985188587,-0.0763728076687,0.412842735413,1.21299516133,-1.0576833164,0.421116335442,0.0509275150838,0.00185723333045;-1515.74389453;3.39265800671e-07
meris;9;753.123045597;vgt;0,1,2,3;459.52,662.04,834.709418838,1649.64071856;-0.0060764278498,0.0673608464866,0.11370486607,0.938414923046,-0.0731930482494;-810.337126661;0.000107155680706
meris;10;760.007913967;terra;2,3,0,1,4,5,6;465.742398799,553.736229817,646.295673296,856.47984028,1242.16286011,1629.40788053,2114.21403827;-0.00795514974388,-0.324725048114,0.540518111421,-0.109239229942,0.966525814493,-0.0364906162132,-0.199562565832,0.191129336154;-846.130412123;7.67026649748e-05
meris;10;760.007913967;aqua;2,3,0,1,4,5,6;466.07150204,553.917076647,645.8403499,856.877853417,1241.49758039,1628.08776832,2113.99922695;-0.00799383244958,-0.32503151981,0.542267104191,-0.109833317704,0.966505232939,-0.0366822851519,-0.200571099576,0.191732215635;-845.253077319;7.72429100002e-05
meris;10;760.007913967;sentinel2;0,1,2,3,4,5,6,7,8,9,10;443.929444843,496.541069687,560.006374949,664.4491622,703.886978943,740.223452517,782.473511978,835.110186795,864.80125832,945.027529483,1373.46188255;-0.0032927511507,0.0904502655431,-0.18032791784,0.126616495871,-0.00949078766224,-0.0587101343,0.150770260604,0.72052699939,1.23721961862,-1.20084447721,0.111203186702,0.0156696600753;-1270.39448478;2.41530089123e-06
meris;10;760.007913967;vgt;0,1,2,3;459.52,662.04,834.709418838,1649.64071856;-0.00711237451365,0.0745282600813,0.0604629411784,0.969861339119,-0.0652213422054;-855.610290807;7.45967860418e-05
meris;11;778.160657513;terra;2,3,0,1,4,5,6;465.742398799,553.736229817,646.295673296,856.47984028,1242.16286011,1629.40788053,2114.21403827;-0.00383462456033,-0.16739296801,0.318050598301,-0.0540775657461,1.00395205792,-0.042518612673,-0.174615899848,0.156846134208;-916.652073797;4.3630792881e-05
meris;11;778.160657513;aqua;2,3,0,1,4,5,6;466.07150204,553.917076647,645.8403499,856.877853417,1241.49758039,1628.08776832,2113.99922695;-0.00387524156777,-0.167671258243,0.319311119011,-0.0543120118437,1.00405752027,-0.0428756894401,-0.175533435366,0.157491791554;-915.431471813;4.40589264607e-05
meris;11;778.160657513;sentinel2;0,1,2,3,4,5,6,7,8,9;443.929444843,496.541069687,560.006374949,664.4491622,703.886978943,740.223452517,782.473511978,835.110186795,864.80125832,945.027529483;-0.000145768022677,0.00599906101936,-0.00981460724236,0.00504961223665,0.000582177955042,-0.00314412974245,0.00931247092983,1.17955208067,-0.36946825164,0.172611020785,0.00965189684117;-2036.15521653;5.36283791626e-09
meris;11;778.160657513;vgt;0,1,2,3;459.52,662.04,834.709418838,1649.64071856;-0.00301611279176,0.0617961037674,0.0472556944322,0.988138328943,-0.062943656976;-959.253744842;3.25556128458e-05
meris;12;864.627349057;terra;2,3,0,1,4,5,6;465.742398799,553.736229817,646.295673296,856.47984028,1242.16286011,1629.40788053,2114.21403827;0.000278452466093,0.014514978684,-0.0213619700164,-0.00226379218489,0.997826214132,0.00596947692799,0.0152271030379,-0.0122858017433;-1507.14511134;3.87445091136e-07
meris;12;864.627349057;aqua;2,3,0,1,4,5,6;466.07150204,553.917076647,645.8403499,856.877853417,1241.49758039,1628.08776832,2113.99922695;0.000270673353903,0.0138508587787,-0.0203778136306,-0.00223347813822,0.998119628951,0.00544118414269,0.014664253249,-0.011729687773;-1518.63826323;3.53410023769e-07
meris;12;864.627349057;sentinel2;0,1,2,3,4,5,6,7,8,9,10,11;443.929444843,496.541069687,560.006374949,664.4491622,703.886978943,740.223452517,782.473511978,835.110186795,864.80125832,945.027529483,1373.46188255,1613.65940666;-6.17294234741e-06,8.1408164569e-05,-9.11702215598e-05,-9.57209891133e-05,6.4025001813e-06,0.000113406931744,1.13428195929e-05,0.00150541297911,-0.00100704762193,0.999993241252,-0.000465190914876,2.08041527158e-05,-7.27430818201e-05;-2723.00437846;2.13372693915e-11
meris;12;864.627349057;vgt;0,1,2,3;459.52,662.04,834.709418838,1649.64071856;0.00144762587567,-0.0292775068456,-0.0326996893987,1.00813684634,0.035883387365;-1110.54824782;9.70453951864e-06
meris;13;884.697163697;terra;2,3,0,1,4,5,6;465.742398799,553.736229817,646.295673296,856.47984028,1242.16286011,1629.40788053,2114.21403827;0.000692974043944,0.0387317515384,-0.0574620796134,-0.00552449048232,0.975559666529,0.0384261362785,0.0379057557735,-0.0349082218979;-1229.68310366;3.56625106038e-06
meris;13;884.697163697;aqua;2,3,0,1,4,5,6;466.07150204,553.917076647,645.8403499,856.877853417,1241.49758039,1628.08776832,2113.99922695;0.000694485596543,0.0380528481417,-0.0565118729275,-0.00552228964402,0.975872224466,0.0378902057751,0.0374154164761,-0.0343804104666;-1233.22061121;3.46674065674e-06
meris;13;884.697163697;sentinel2;0,1,2,3,4,5,6,7,8,9,10,11;443.929444843,496.541069687,560.006374949,664.4491622,703.886978943,740.223452517,782.473511978,835.110186795,864.80125832,945.027529483,1373.46188255,1613.65940666;0.000517841814171,-0.00692278902788,-0.00493737138757,0.0241479823442,-0.00470200154559,-0.013660278353,0.00216410338529,-0.17637067067,0.0753412389536,1.0543980597,0.0415111407508,-5.45729572989e-05,0.00762959256117;-1597.49866024;1.73598601658e-07
meris;13;884.697163697;vgt;0,1,2,3;459.52,662.04,834.709418838,1649.64071856;0.00237138033611,-0.0374980534292,-0.0562955323291,1.00367690521,0.0640733748734;-1009.17022303;2.18372661326e-05
meris;14;899.753104609;terra;2,3,0,1,4,5,6;465.742398799,553.736229817,646.295673296,856.47984028,1242.16286011,1629.40788053,2114.21403827;-0.000217446933776,0.0596255149194,-0.0916589236548,-0.00205647421275,0.952055070296,0.0700185611459,0.0519219215704,-0.0497426921835;-1111.11706452;9.20772894467e-06
meris;14;899.753104609;aqua;2,3,0,1,4,5,6;466.07150204,553.917076647,645.8403499,856.877853417,1241.49758039,1628.08776832,2113.99922695;-0.000208238108136,0.0589353580237,-0.0907664796315,-0.00205000203922,0.952361942887,0.0695109949072,0.0514729144114,-0.0492371833855;-1113.09459147;9.06320688688e-06
meris;14;899.753104609;sentinel2;0,1,2,3,4,5,6,7,8,9,10,11,12;443.929444843,496.541069687,560.006374949,664.4491622,703.886978943,740.223452517,782.473511978,835.110186795,864.80125832,945.027529483,1373.46188255,1613.65940666,2202.36668717;3.73441052637e-05,0.00463901348631,-0.0320757560435,0.0511120213167,0.00854856383106,-0.0516931835363,0.0272377037057,-0.930642406499,1.93675435449,-0.186045908113,0.161653579079,-7.3523504815e-05,0.00331331121736,0.00910002665541;-1442.40238731;5.90822675351e-07
meris;14;899.753104609;vgt;0,1,2,3;459.52,662.04,834.709418838,1649.64071856;0.00195064457563,-0.0463644473388,-0.0718397361545,0.995893348909,0.089461995237;-947.450889714;3.5779411581e-05
sentinel2;0;443.929444843;terra;2,3,0,1,4,5,6;465.742398799,553.736229817,646.295673296,856.47984028,1242.16286011,1629.40788053,2114.21403827;-0.00234548636083,1.00226329605,-0.0486323987242,-0.0271055950733,0.00344753033747,0.0139196488416,-0.0197864066834,0.0270390193027;-1142.36499877;7.17110502072e-06
sentinel2;0;443.929444843;aqua;2,3,0,1,4,5,6;466.07150204,553.917076647,645.8403499,856.877853417,1241.49758039,1628.08776832,2113.99922695;-0.00236092468222,1.00168401117,-0.0486326152231,-0.0275385793818,0.00350930706099,0.014027433416,-0.0201303171094,0.0274658041109;-1138.86099654;7.37496958282e-06
sentinel2;0;443.929444843;meris;0,1,2,3,4,5,6,7,8,9,10,11,12;412.433615778,442.302283223,489.626577523,509.564329959,559.440262161,619.349162711,664.322430724,680.571670334,708.080139841,753.123045597,760.007913967,778.160657513,864.627349057;2.60240151323e-05,-0.0104558976226,0.980295318826,0.0331603534043,-0.00191231586593,-0.00134607036393,0.00487497539509,-0.013257227486,0.00775079794608,0.00145912983168,-0.000560096977969,-0.00232007120783,0.00441269249584,-0.00180036606974;-2241.33996069;9.90065024829e-10
sentinel2;0;443.929444843;vgt;0,1,2,3;459.52,662.04,834.709418838,1649.64071856;-0.00126729879828,0.979920360758,-0.0314865427733,0.000569706158361,0.0101441732977;-1222.65676811;3.95794758903e-06
sentinel2;1;496.541069687;terra;2,3,0,1;465.742398799,553.736229817,646.295673296,856.47984028;0.000734869962584,0.848591856751,0.196987105164,0.00254370480426,-0.0117516795908;-1177.82897981;5.66523236731e-06
sentinel2;1;496.541069687;aqua;2,3,0,1;466.07150204,553.917076647,645.8403499,856.877853417;0.000725357241331,0.849790396392,0.195776684909,0.00205448468696,-0.0115790518834;-1181.01094603;5.5228397858e-06
sentinel2;1;496.541069687;meris;0,1,2,3,4,5,6,7,8,9,10,11,12,13,14;412.433615778,442.302283223,489.626577523,509.564329959,559.440262161,619.349162711,664.322430724,680.571670334,708.080139841,753.123045597,760.007913967,778.160657513,864.627349057,884.697163697,899.753104609;-1.09528165767e-06,-0.0328801222452,0.170215177592,0.248372944536,0.597143985478,0.0277814016232,-0.0234921540978,0.0141212174682,-0.0083723120204,0.00615923301961,0.000480138732154,-0.00474601946031,0.00916131916466,0.00472804336691,-0.0345705856789,0.0248548218961;-2012.19526236;5.99648179803e-09
sentinel2;1;496.541069687;vgt;0,1,2,3;459.52,662.04,834.709418838,1649.64071856;0.00164611246906,1.00633769501,0.0794372775324,0.00757774835277,-0.0175396059378;-1051.77653963;1.55299036515e-05
sentinel2;2;560.006374949;terra;2,3,0,1,4,5;465.742398799,553.736229817,646.295673296,856.47984028,1242.16286011,1629.40788053;-0.000535972975812,-0.00872091802269,0.935035238354,0.0849627536691,-0.00453702289409,0.0057436469164,-0.00473884895653;-1530.62423756;3.26275177695e-07
sentinel2;2;560.006374949;aqua;2,3,0,1,4,5;466.07150204,553.917076647,645.8403499,856.877853417,1241.49758039,1628.08776832;-0.000518996791205,-0.0078019515869,0.935264961585,0.0836499726163,-0.00447229743943,0.00558532610751,-0.00461461863696;-1537.34797063;3.0918854356e-07
sentinel2;2;560.006374949;meris;0,1,2,3,4,5,6,7,8,9,10,11,12,13,14;412.433615778,442.302283223,489.626577523,509.564329959,559.440262161,619.349162711,664.322430724,680.571670334,708.080139841,753.123045597,760.007913967,778.160657513,864.627349057,884.697163697,899.753104609;3.27435602756e-05,-0.00839368115201,0.0292075814178,-0.116829253396,0.1425302548,0.900794533839,0.0777917923206,-0.0181200638466,-0.000640505629816,-0.00590975624551,0.000894796935655,-0.00647672171483,-0.00306247372038,0.0538150130269,-0.08361244125,0.0374744016521;-1977.00519238;7.94619732354e-09
sentinel2;2;560.006374949;vgt;0,1,2,3;459.52,662.04,834.709418838,1649.64071856;-0.00181900194325,0.718323559553,0.352579223376,0.0913618788625,-0.0384724835032;-796.500523018;0.000119698438341
sentinel2;3;664.4491622;terra;2,3,0,1,4,5;465.742398799,553.736229817,646.295673296,856.47984028,1242.16286011,1629.40788053;0.00183615370269,0.0601783127263,-0.145929457376,1.08373189831,0.00383889891917,-0.0222204549045,0.0215046592401;-1193.95066873;4.82289514544e-06
sentinel2;3;664.4491622;aqua;2,3,0,1,4,5;466.07150204,553.917076647,645.8403499,856.877853417,1241.49758039,1628.08776832;0.00187702085158,0.0618038564819,-0.150471692504,1.08657797784,0.00394012463683,-0.0226642222381,0.0219657288146;-1188.40017816;5.04187645291e-06
sentinel2;3;664.4491622;meris;0,1,2,3,4,5,6,7,8,9;412.433615778,442.302283223,489.626577523,509.564329959,559.440262161,619.349162711,664.322430724,680.571670334,708.080139841,753.123045597;8.28381421475e-05,-5.97127558843e-05,-0.00140687721455,0.00585444455439,-0.0074346965647,0.00102642849948,0.0352847226752,0.895628309358,0.0657557768281,0.00557812642968,-0.000801963300478;-2019.33941428;6.1350591217e-09
sentinel2;3;664.4491622;vgt;0,1,2,3;459.52,662.04,834.709418838,1649.64071856;-0.00024409076681,-0.00733603635301,1.04394282873,-0.0494122619814,0.00910143046126;-1091.71007795;1.12830220968e-05
sentinel2;4;703.886978943;terra;2,3,0,1;465.742398799,553.736229817,646.295673296,856.47984028;0.00989057054147,-0.595973551397,0.49788059288,0.899579713514,0.10015700305;-787.392500026;0.000128745778412
sentinel2;4;703.886978943;aqua;2,3,0,1;466.07150204,553.917076647,645.8403499,856.877853417;0.00994732715425,-0.594797574732,0.495137144325,0.901541902203,0.0999223930627;-787.595068183;0.000128537309015
sentinel2;4;703.886978943;meris;0,1,2,3,4,5,6,7,8,9,10,11,12,13,14;412.433615778,442.302283223,489.626577523,509.564329959,559.440262161,619.349162711,664.322430724,680.571670334,708.080139841,753.123045597,760.007913967,778.160657513,864.627349057,884.697163697,899.753104609;0.000299618206929,-0.0285635924888,0.0948733574446,-0.386957747422,0.429915040226,-0.15155368212,0.0231739281175,0.0853939106583,0.0852932543416,0.877350099764,-0.2308882507,0.193488117909,0.0378448564187,-0.468037678238,0.70059865357,-0.266581979152;-1470.27089524;4.57862017667e-07
sentinel2;4;703.886978943;vgt;0,1,2;459.52,662.04,834.709418838;0.00531620814623,-0.195791808978,1.01466886456,0.130233900542;-794.429226457;0.000123661245807
sentinel2;5;740.223452517;terra;2,3,0,1,4,5,6;465.742398799,553.736229817,646.295673296,856.47984028,1242.16286011,1629.40788053,2114.21403827;-0.00708242320676,-0.818446553447,1.12186554293,-0.0464638061052,0.710905721257,0.0675128227467,-0.274736442818,0.225571083991;-710.820137964;0.000226426105457
sentinel2;5;740.223452517;aqua;2,3,0,1,4,5,6;466.07150204,553.917076647,645.8403499,856.877853417,1241.49758039,1628.08776832,2113.99922695;-0.00707530522114,-0.81831356478,1.12375697689,-0.0474344153217,0.710686534588,0.0673971517374,-0.27552062552,0.225890211437;-710.607212586;0.000226812129054
sentinel2;5;740.223452517;meris;0,1,2,3,4,5,6,7,8,9,10,11,12,13,14;412.433615778,442.302283223,489.626577523,509.564329959,559.440262161,619.349162711,664.322430724,680.571670334,708.080139841,753.123045597,760.007913967,778.160657513,864.627349057,884.697163697,899.753104609;0.00111706025678,0.0355875802786,-0.0769826757061,0.163215586813,-0.167102384202,0.107375975216,-0.0630857353542,-0.320353253017,0.254174145579,0.196795468455,2.38922222554,-0.645025821542,-1.19663747278,1.69838462883,-1.91348313247,0.542849217162;-1303.67698338;1.73596574371e-06
sentinel2;5;740.223452517;vgt;0,1,2,3;459.52,662.04,834.709418838,1649.64071856;-0.0047711432821,0.0103760337952,0.29206432616,0.814201011323,-0.073959624205;-676.0503313;0.000313743916241
sentinel2;6;782.473511978;terra;2,3,0,1,4,5,6;465.742398799,553.736229817,646.295673296,856.47984028,1242.16286011,1629.40788053,2114.21403827;-0.00318411040599,-0.150606853777,0.289823748504,-0.0480123017767,1.00982195921,-0.0480771896188,-0.16190400075,0.14765338712;-931.037668057;3.88877155736e-05
sentinel2;6;782.473511978;aqua;2,3,0,1,4,5,6;466.07150204,553.917076647,645.8403499,856.877853417,1241.49758039,1628.08776832,2113.99922695;-0.00322452609528,-0.150910768375,0.291055252108,-0.0482178274838,1.0099510007,-0.0484719515338,-0.162775441681,0.148283525735;-929.742710863;3.92926729784e-05
sentinel2;6;782.473511978;meris;0,1,2,3,4,5,6,7,8,9,10,11,12,13,14;412.433615778,442.302283223,489.626577523,509.564329959,559.440262161,619.349162711,664.322430724,680.571670334,708.080139841,753.123045597,760.007913967,778.160657513,864.627349057,884.697163697,899.753104609;0.000199702240934,-0.00103104764873,-0.00123755793716,0.00775026446522,-0.00645532833857,0.00707614476916,-0.0229829424702,0.0394166090261,-0.0245587119158,0.00510030101252,-0.0386523758966,-0.0217337235435,1.00501975204,0.219760228197,-0.224065492738,0.0570112413665;-1842.57602033;2.32923939304e-08
sentinel2;6;782.473511978;vgt;0,1,2,3;459.52,662.04,834.709418838,1649.64071856;-0.00247991349182,0.057245647328,0.0450216857238,0.990207300935,-0.0604654623636;-979.365940225;2.77171742027e-05
sentinel2;7;835.110186795;terra;2,3,0,1,4,5,6;465.742398799,553.736229817,646.295673296,856.47984028,1242.16286011,1629.40788053,2114.21403827;-0.00054085192988,-0.0421349497248,0.0823194439852,-0.0141318411138,1.0094467376,-0.0261101590313,-0.0415876847045,0.0438601901618;-1232.29605115;3.49247739947e-06
sentinel2;7;835.110186795;aqua;2,3,0,1,4,5,6;466.07150204,553.917076647,645.8403499,856.877853417,1241.49758039,1628.08776832,2113.99922695;-0.00056206544894,-0.0426898823706,0.0833944523629,-0.0141772363569,1.00969845579,-0.0266324398644,-0.0422089843327,0.0444158876196;-1228.41062103;3.60274041384e-06
sentinel2;7;835.110186795;meris;0,1,2,3,4,5,6,7,8,9,10,11,12,13,14;412.433615778,442.302283223,489.626577523,509.564329959,559.440262161,619.349162711,664.322430724,680.571670334,708.080139841,753.123045597,760.007913967,778.160657513,864.627349057,884.697163697,899.753104609;0.000377896360061,-0.00499053347352,0.000327714654843,0.0369498844072,-0.0426609463564,0.0265793128294,-0.0517098329087,0.0728012077029,-0.0424243454029,0.013564098442,-0.0722478645847,-0.0107438200302,0.392285784503,1.18886892647,-0.783499444576,0.277939001862;-1654.90583772;1.04531485999e-07
sentinel2;7;835.110186795;vgt;0,1,2,3;459.52,662.04,834.709418838,1649.64071856;0.000236041718415,-0.000281003419119,-8.78835042787e-05,1.00191914138,-0.00149470509286;-1754.20656339;5.63218478997e-08
sentinel2;8;864.80125832;terra;2,3,0,1,4,5,6;465.742398799,553.736229817,646.295673296,856.47984028,1242.16286011,1629.40788053,2114.21403827;0.000281270075514,0.0148327064598,-0.0217688880108,-0.00224226160093,0.997592024807,0.0063004493234,0.0153700330787,-0.012465631065;-1503.00829172;4.00481949422e-07
sentinel2;8;864.80125832;aqua;2,3,0,1,4,5,6;466.07150204,553.917076647,645.8403499,856.877853417,1241.49758039,1628.08776832,2113.99922695;0.000273572929125,0.0141686824533,-0.0207855451681,-0.00221194279828,0.997885593271,0.00577211303756,0.0148077792425,-0.0119097079915;-1514.30816834;3.65866927956e-07
sentinel2;8;864.80125832;meris;0,1,2,3,4,5,6,7,8,9,10,11,12,13,14;412.433615778,442.302283223,489.626577523,509.564329959,559.440262161,619.349162711,664.322430724,680.571670334,708.080139841,753.123045597,760.007913967,778.160657513,864.627349057,884.697163697,899.753104609;-1.69058925936e-06,2.99170924491e-05,-3.76656727417e-05,0.000155297841803,-0.00014817793326,6.57396784445e-05,-0.000193203416133,0.000508381070061,-0.000361804307467,1.16324729698e-05,0.000344084423519,-0.00139679414376,0.00155366873823,0.990562410611,0.00730940430407,0.0016102693869;-2919.29612134;4.2296588388e-12
sentinel2;8;864.80125832;vgt;0,1,2,3;459.52,662.04,834.709418838,1649.64071856;0.00145588475935,-0.0293152473176,-0.0328884392495,1.00806791797,0.0361249704114;-1109.49443691;9.78669935218e-06
sentinel2;9;945.027529483;terra;2,3,0,1,4,5,6;465.742398799,553.736229817,646.295673296,856.47984028,1242.16286011,1629.40788053,2114.21403827;-0.00879004807124,0.0876234251246,-0.165870962426,0.0781062577169,0.669531591342,0.467773807208,-0.0927409634885,-0.058763601177;-906.590372554;4.72880097524e-05
sentinel2;9;945.027529483;aqua;2,3,0,1,4,5,6;466.07150204,553.917076647,645.8403499,856.877853417,1241.49758039,1628.08776832,2113.99922695;-0.00871872773953,0.0877464050256,-0.166186040265,0.0785258742865,0.669420682588,0.46824442295,-0.0940892236795,-0.0577731449983;-907.210622128;4.70539479961e-05
sentinel2;9;945.027529483;meris;0,1,2,3,4,5,6,7,8,9,10,11,12,13,14;412.433615778,442.302283223,489.626577523,509.564329959,559.440262161,619.349162711,664.322430724,680.571670334,708.080139841,753.123045597,760.007913967,778.160657513,864.627349057,884.697163697,899.753104609;-0.00248564173128,0.172149288188,-0.348692358362,-0.322144075056,0.67456088382,-0.290837646127,-0.228824806347,1.42370539172,-1.15854068167,0.0245553807161,0.63419911977,-0.249906431339,0.366637911873,-6.15452738125,3.02695081548,3.39547337808;-922.290378251;3.66955951309e-05
sentinel2;9;945.027529483;vgt;0,1,2,3;459.52,662.04,834.709418838,1649.64071856;0.000147957274989,-0.116302346746,-0.0959858413343,0.907755447822,0.216084154455;-733.688607674;0.000197842426637
sentinel2;10;1373.46188255;terra;2,3,0,1,4,5;465.742398799,553.736229817,646.295673296,856.47984028,1242.16286011,1629.40788053;0.0650462879004,0.0990009701402,-0.0545156773574,-0.223416244713,0.0502926053221,-0.0167194233792,0.769778099628;-433.623594558;0.00211326831754
sentinel2;10;1373.46188255;aqua;2,3,0,1,4,5;466.07150204,553.917076647,645.8403499,856.877853417,1241.49758039,1628.08776832;0.0650832991529,0.0984457972112,-0.0526663348439,-0.225541114894,0.0499319139112,-0.0149703973654,0.769320282178;-433.587959591;0.0021138708534
sentinel2;10;1373.46188255;meris;0,1,2,3,4,5,6,7,8,9,10,11,12,13,14;412.433615778,442.302283223,489.626577523,509.564329959,559.440262161,619.349162711,664.322430724,680.571670334,708.080139841,753.123045597,760.007913967,778.160657513,864.627349057,884.697163697,899.753104609;0.0765805275825,2.89259866734,-2.27216689644,-4.05645574444,6.11404082739,-2.57647429723,-1.86820660191,-5.18206647439,7.00934241261,0.649903919602,-2.07533435422,11.7780747158,-7.50450545479,-34.7409452997,47.143069561,-14.1120927556;-469.076394718;0.00137797263439
sentinel2;10;1373.46188255;vgt;0,1,2,3;459.52,662.04,834.709418838,1649.64071856;0.0679928065701,0.0214050999143,-0.186995154464,0.035807125725,0.744343496806;-437.385636305;0.00211729510626
sentinel2;11;1613.65940666;terra;2,3,0,1,4,5,6;465.742398799,553.736229817,646.295673296,856.47984028,1242.16286011,1629.40788053,2114.21403827;-0.00265343577945,0.0168041256846,-0.0210487619887,0.0252238816652,-0.00236196126946,-0.00100955529628,0.965002553867,0.0278659296656;-1307.20518991;1.9181059809e-06
sentinel2;11;1613.65940666;aqua;2,3,0,1,4,5,6;466.07150204,553.917076647,645.8403499,856.877853417,1241.49758039,1628.08776832,2113.99922695;-0.0025235092892,0.0162585571012,-0.0203391520228,0.0238996541379,-0.00204807018937,-0.00121370946272,0.967549675583,0.0259049171115;-1320.64097275;1.72262961321e-06
sentinel2;11;1613.65940666;meris;0,1,2,3,4,5,6,7,8,9,10,11,12,13,14;412.433615778,442.302283223,489.626577523,509.564329959,559.440262161,619.349162711,664.322430724,680.571670334,708.080139841,753.123045597,760.007913967,778.160657513,864.627349057,884.697163697,899.753104609;0.02514628541,2.81014042196,-4.18786839519,5.67314395162,-3.57553344165,-1.22406682149,2.4480946232,-9.43217498957,8.26129690994,0.440393856828,-0.208129956999,1.95038420866,2.40371646495,-41.2930178658,43.9531091636,-6.51061298304;-534.076430823;0.000819232809056
sentinel2;11;1613.65940666;vgt;0,1,2,3;459.52,662.04,834.709418838,1649.64071856;-0.000233438783228,-0.00862112337118,0.0382217141707,-0.0188996996326,0.98544373965;-1248.23706108;3.22548479034e-06
sentinel2;12;2202.36668717;terra;2,3,0,1,4,5,6;465.742398799,553.736229817,646.295673296,856.47984028,1242.16286011,1629.40788053,2114.21403827;-0.00477316427187,0.0757742432253,0.0392771793686,-0.0873749580418,0.0273455846898,-0.0832312024876,0.26877694617,0.747032148751;-936.024417594;3.73668672523e-05
sentinel2;12;2202.36668717;aqua;2,3,0,1,4,5,6;466.07150204,553.917076647,645.8403499,856.877853417,1241.49758039,1628.08776832,2113.99922695;-0.00476054938818,0.0747758214448,0.0406559225349,-0.0882322582715,0.0274293456985,-0.0833172143708,0.269672988026,0.746265697557;-935.660757137;3.74757363574e-05
sentinel2;12;2202.36668717;meris;0,1,2,3,4,5,6,7,8,9,10,11,12,13;412.433615778,442.302283223,489.626577523,509.564329959,559.440262161,619.349162711,664.322430724,680.571670334,708.080139841,753.123045597,760.007913967,778.160657513,864.627349057,884.697163697;0.0339231651961,2.3434479493,-2.02741590799,3.99060278946,-3.45029719041,-1.45299572539,4.12302948603,-15.7266195848,13.1558441454,0.362442936152,-0.622257581128,0.569744541581,4.26598805956,-29.3114103619,25.1812844329;-518.055955983;0.000946273938127
sentinel2;12;2202.36668717;vgt;0,1,2,3;459.52,662.04,834.709418838,1649.64071856;0.00112550863158,0.158430183674,0.0460515329767,-0.184151510503,0.825085205665;-637.344806137;0.000427614163176
vgt;0;459.52;terra;2,3,0,1,4,5,6;465.742398799,553.736229817,646.295673296,856.47984028,1242.16286011,1629.40788053,2114.21403827;-0.000771034543251,0.998443107998,-0.0138772364485,-0.00778671351652,0.000838852796449,0.00366150823726,-0.00448662490236,0.0075363699537;-1440.05560963;6.62678630304e-07
vgt;0;459.52;aqua;2,3,0,1,4,5,6;466.07150204,553.917076647,645.8403499,856.877853417,1241.49758039,1628.08776832,2113.99922695;-0.000792320599469,0.998395111656,-0.014286525924,-0.00823134552546,0.000913592790291,0.00385838180165,-0.00491001915111,0.00799476585244;-1429.24243569;7.22556446574e-07
vgt;0;459.52;meris;0,1,2,3,4,5,6,7,8,9,10,11,12,13,14;412.433615778,442.302283223,489.626577523,509.564329959,559.440262161,619.349162711,664.322430724,680.571670334,708.080139841,753.123045597,760.007913967,778.160657513,864.627349057,884.697163697,899.753104609;0.00012188171697,-0.0613799305997,0.718921335762,0.35390276679,-0.00576255674847,-0.000733595601042,-0.0144593540186,0.0413368023283,-0.0380126044054,0.0079110258718,0.00473165464418,-0.0341687959908,0.0415689372623,0.00667852114696,-0.0662208429348,0.0463006556502;-1894.50160805;1.53746825259e-08
vgt;0;459.52;sentinel2;0,1,2,3,4,5,6,7,8,9,10,11,12;443.929444843,496.541069687,560.006374949,664.4491622,703.886978943,740.223452517,782.473511978,835.110186795,864.80125832,945.027529483,1373.46188255,1613.65940666,2202.36668717;0.000343503026429,0.651342917822,0.411432803655,-0.0722540990817,0.00917715284439,-0.00251486660034,0.0163264275954,-0.0645230205792,0.172964623714,-0.119801970045,0.00146385261391,-0.00368674520921,0.00609229233667,-0.00474138638743;-1633.20412415;1.28393791333e-07
vgt;1;662.04;terra;2,3,0,1;465.742398799,553.736229817,646.295673296,856.47984028;0.00220140765252,-0.0643317159989,0.0355690869459,0.997245636185,0.0207784686057;-1246.17293698;3.27918938907e-06
vgt;1;662.04;aqua;2,3,0,1;466.07150204,553.917076647,645.8403499,856.877853417;0.00225271738378,-0.0626764059965,0.0313680441224,1.00004167196,0.0206440457192;-1243.73041491;3.34389545364e-06
vgt;1;662.04;meris;0,1,2,3,4,5,6,7,8,9,10,11;412.433615778,442.302283223,489.626577523,509.564329959,559.440262161,619.349162711,664.322430724,680.571670334,708.080139841,753.123045597,760.007913967,778.160657513;0.000345038349907,-0.00692951490835,0.0249136138716,-0.0983576641151,0.102555075974,-0.0338396524874,0.244992356575,0.558517091514,0.0607271534556,0.140526058119,-0.00180189890347,0.0191411589114,-0.0121650383152;-1767.08671886;4.470302972e-08
vgt;1;662.04;sentinel2;0,1,2,3,4,5,6,7,8,9,10;443.929444843,496.541069687,560.006374949,664.4491622,703.886978943,740.223452517,782.473511978,835.110186795,864.80125832,945.027529483,1373.46188255;-0.000112169974667,0.0566036810662,-0.0829939539485,0.0947601679742,0.756793533367,0.180978584903,-0.00881863706493,0.13741979331,-0.310779286854,0.179902059821,0.00806229310353,-0.00581240713129;-1503.52489876;3.74104750263e-07
vgt;2;834.709418838;terra;2,3,0,1,4,5,6;465.742398799,553.736229817,646.295673296,856.47984028,1242.16286011,1629.40788053,2114.21403827;-0.000883259652394,-0.0497490199163,0.093470678572,-0.0162914794195,1.00361300829,-0.0198547305613,-0.0455444683045,0.0458078988176;-1225.27373337;3.69429553724e-06
vgt;2;834.709418838;aqua;2,3,0,1,4,5,6;466.07150204,553.917076647,645.8403499,856.877853417,1241.49758039,1628.08776832,2113.99922695;-0.00090347876059,-0.0502930810213,0.0945545681635,-0.0163504241154,1.00385270427,-0.0203551815527,-0.0461849336687,0.0463697270973;-1221.50013439;3.80752234746e-06
vgt;2;834.709418838;meris;0,1,2,3,4,5,6,7,8,9,10,11,12,13,14;412.433615778,442.302283223,489.626577523,509.564329959,559.440262161,619.349162711,664.322430724,680.571670334,708.080139841,753.123045597,760.007913967,778.160657513,864.627349057,884.697163697,899.753104609;0.000282717156443,-0.00335093546986,-0.00156646706466,0.032676417963,-0.0370623142458,0.0227616212617,-0.0445694281136,0.065213928217,-0.0388549923863,0.0118464254187,-0.045880022497,0.0060364247146,0.364043328487,1.07022602263,-0.690336409144,0.289533617444;-1728.43050253;5.80492047642e-08
vgt;2;834.709418838;sentinel2;0,1,2,3,4,5,6,7,8,9,10;443.929444843,496.541069687,560.006374949,664.4491622,703.886978943,740.223452517,782.473511978,835.110186795,864.80125832,945.027529483,1373.46188255;-0.000100827885698,0.0036469654611,-0.00652266518993,0.0040159614046,0.000685069343472,-0.00300849404323,0.00865470141146,0.0387856481784,0.903241344348,0.0382007357414,0.0122833752614,0.000262036127584;-2144.22840012;2.22311158229e-09
vgt;3;1649.64071856;terra;2,3,0,1,4,5,6;465.742398799,553.736229817,646.295673296,856.47984028,1242.16286011,1629.40788053,2114.21403827;-0.00245544149997,-0.00765850534829,0.0263212064461,-0.0264179599,0.0100823963057,-0.00120933624622,0.982906033809,0.0255094623992;-1339.61033805;1.48008134012e-06
vgt;3;1649.64071856;aqua;2,3,0,1,4,5,6;466.07150204,553.917076647,645.8403499,856.877853417,1241.49758039,1628.08776832,2113.99922695;-0.00233179705525,-0.00817278378093,0.0272793212504,-0.0278923924606,0.0102637984337,-0.000978984174776,0.984866807001,0.0238568147255;-1337.74416401;1.50234382424e-06
vgt;3;1649.64071856;meris;0,1,2,3,4,5,6,7,8,9,10,11,12,13,14;412.433615778,442.302283223,489.626577523,509.564329959,559.440262161,619.349162711,664.322430724,680.571670334,708.080139841,753.123045597,760.007913967,778.160657513,864.627349057,884.697163697,899.753104609;0.0257357584543,2.80043598675,-4.13112161269,5.36771537885,-3.27498290249,-1.23894832019,2.33858150365,-9.44572225473,8.35213870117,0.416416619148,-0.136901142278,2.20433699494,2.03115530483,-41.5633167888,44.5321140044,-6.73819248082;-530.716108274;0.000841554590183
vgt;3;1649.64071856;sentinel2;0,1,2,3,4,5,6,7,8,9,10,11,12;443.929444843,496.541069687,560.006374949,664.4491622,703.886978943,740.223452517,782.473511978,835.110186795,864.80125832,945.027529483,1373.46188255,1613.65940666,2202.36668717;-0.00028737302352,-0.0931819661243,0.0815617621037,0.0155937490494,-0.0202833974899,-0.0262379597054,0.0262864596038,0.281161133728,-0.890030157645,0.584672959953,0.0289657428303,0.0105233350283,0.973985331546,0.0295484875716;-1269.18523147;2.36197444477e-06
